0 0
1 51 53 92 208 211 219 245 287 351 358 359 710 761 762
2 1068 1069 1071 1102
3 122 1225 1259 1261 1262
4 1316 1317 1318 1319 1320 1321 1323 1324 1327 1329
5 424 592 627 630 697 714 772 1062 1064 1115 1128 1129 1165 1332 1338 1339 1379 1422 1443 1444 1445 1447 1451 1461 1465 1466 1477 1489 1549 1618 1627 1641 1729 1737 1800 1801 1805 1856 1865 1935 1938 1939 1943 1961 2014 2021 2060 2064 2065 2066 2086 2128 2172 2173 2188 2193 2200 2205 2211 2213 2223 2258 2265 2286 2309 2310 2316 2338 2340 2346 2377
6 135 147 167 183 204 226 251 301 365 638 647 653 1087 1116 1266 1386 1404 1417 1671 1718 1758 1760 1787 1953 2054 2275 2280 2410 2412 2434 2439 2440 2447 2454 2456 2476 2478 2481 2484 2485 2487 2489 2505 2507 2508 2510 2515 2516 2518 2519 2523 2536 2537 2538 2560 2561 2564 2566 2567 2568 2574 2578 2579 2601
7 2670
8 1118 1658 3068 3071 3075
9 10 13 22 76 303 407 467 563 684 728 730 732 847 1117 1135 1168 1189 1386 1436 1843 1880 2027 2108 2139 2191 2275 2297 2540 2631 2924 3082 3083 3084 3086 3096 3097 3098 3099 3101 3107 3198 3202 3207 3211 3212 3213 3214 3215 3216 3220 3224 3230 3249 3251 3252 3258 3259 3261 3263 3270 3272 3273 3276 3282 3283 3290 3365 3369 3371 3377 3378 3387 3407 3492 3495 3501 3509 3510 3514 3515 3516 3528 3529 3530 3532 3533 3551 3558 3574 3576 3597 3602 3603 3614 3615 3617 3625 3639 3641 3642 3643 3646 3647 3649 3654 3658 3661 3667 3670
10 28
11 1469
12 3784
13 1362
14 80 90 166 236 242 275 301 350 366 394 446 475 570 627 675 712 1063 1087 1101 1228 1277 1301 1397 1483 1535 1627 1782 1796 1799 2011 2236 2293 2352 2410 2529 2535 2635 2652 2831 2871 3096 3156 3414 3593 3632 3665 3748 3749 3769 3806 3807 3813 3820 3826 3840 3864 3866 3870 3878 3881 3912 3920 3927 3930 3942 3980 3981 3982 3985 3987 3990 4003 4022 4036 4040 4069 4071 4074 4078 4079 4086 4090 4093 4103 4108 4132 4158 4196 4197 4201 4204 4213 4224 4230 4231 4233 4235 4242 4258 4265 4267 4339 4344 4357 4398 4424 4426 4464 4465
15 1745
16 1780 2616 3421 4477 4478 4481 4483 4484
17 734 738 1418 1648 1698 3057 4350 4609 4657 4659 4672 4679 4680 4683 4686 4708 4786 4791 4792 4831 4832 4836 4839 4840 4841 4843 4945 4968 4969 4971 4992 4993 4996 5002 5003
18 109 136 198 204 259 270 285 298 301 321 353 390 493 517 570 626 644 666 668 697 737 750 819 935 944 965 988 1031 1168 1174 1386 1420 1548 1671 1723 1750 1758 1761 1766 1799 1806 1881 2055 2076 2257 2280 2576 2578 2644 2651 2658 2683 2794 2972 3141 3156 3201 3284 3330 3382 3402 3462 3503 3647 3661 3710 3856 3891 3932 4093 4290 4344 4349 4425 5138 5139 5142 5144 5145 5146 5151 5159 5160 5162 5173 5176 5178 5188 5206 5207 5216 5217 5218 5220 5221 5225 5240 5242 5249 5252 5262 5264 5266 5269 5273 5277 5291 5293 5294 5298 5301 5310 5326 5331 5332 5335 5338 5341 5344 5355 5356 5360 5366 5374 5382 5387 5391 5392 5404 5405 5408 5410 5414 5456 5461 5462 5474 5482 5483 5494 5516 5523 5533 5534 5535 5546 5548 5551 5553 5556 5558 5560 5573 5575 5577 5580 5581 5592 5626 5638
19 1076 1077
20 5685 5769 5770
21 5786
22 115 149 167 189 397 512 896 1387 1470 1750 1881 1945 2193 2294 2432 2597 3089 3096 3299 3421 3619 3662 3700 3855 4323 4335 4480 5801 5807 5811 5830 5834 5835 5838 5841 5842 5850 5881 5893 5911 5915 5927 5936 5967
23 1138
24 734 1626 3057 4968 4969 6082 6119 6196
25 6233 6235 6239 6242
26 105 6294
27 6306
28 711
29 275 1698 3057 4019 4048 4589 4591 4625 4652 4657 4674 4681 4833 5001 6479 6832 6862 6863
30 1432
31 5939 7030 7031
32 3097 3101
33 7041 7095 7109
34 1083 1100 1126 1134
35 2790 2853 2860 4129 7036 7400 7401
36 5255
37 36
38 105 338 1354 1878 2578 2958 2972 3071 3073 3156 3525 3664 4065 4856 5801 6182 6356 6737 7309 7412 7446 7452 7461 7462 7464 7465 7466 7470 7471 7473 7475 7476 7477 7478 7494 7496 7504 7507 7508 7509 7510 7513 7516 7520 7521 7523 7526 7534 7535 7536 7537 7541 7544 7547 7548 7550 7557 7559 7564 7565 7567 7568 7569 7572 7573 7574 7580 7582
39 263
40 7587 7588
41 143 5654 5839 7601 7615 7627 7649 7697 7717
42 6287 7769 7850
43 7859 7861 7866
44 1501
45 7906 7907 7908 7909
46 7945
47 1108
48 301 569 1266 1273 2198 2234 4374 5632 5761 6321 7062 7967 7969 7970 7971 7972 7974 7984 8004 8005 8020 8023 8025
49 34 8045
50 257 8102 8127
51 3635
52 8174
53 8188
54 6599
55 143 1517 1967 2133 3263 8204 8224 8225 8231
56 1722 2179 3413 3535 8270 8329 8334 8338
57 8381
58 2582 8387
59 3040 7279 8395 8415 8416 8417 8418 8461
60 8467 8468
61 1578 2410 6933 8479 8482
62 2258 8493 8495
63 135 143 247 303 1152 1225 1248 1848 4198 5582 5646 5706 5761 8255 8500 8502 8516 8539 8541
64 8564
65 118
66 734 2028 8608 8609 8610 8611 8612 8614 8615 8616 8617 8619 8626 8629 8631 8632
67 3940 6985 8640 8641 8642
68 570 1215 2107 3236 3824 8652 8654 8655 8657 8658 8661
69 8667 8672 8676 8678
70 152
71 8706 8798
72 600 1778 5947 8907 8908 8909 8925 8927
73 3068 4856 9031 9032 9034 9039 9046
74 459 1031 1242 3201 3673 6495 6972 8251 8550 9094 9121 9122
75 9135 9137
76 364 1118 1354 3664 5261 9145 9152 9159 9174
77 1886 3811 9183
78 1905 9186
79 7035
80 1886 2661 2889 7370 9188 9190 9191 9201 9205
81 8 25 73 76 145 168 189 213 259 265 321 453 570 697 715 800 1031 1080 1219 1266 1536 1805 1864 1925 1954 2061 2460 2652 2777 2995 3068 3107 3201 3344 3348 3534 3563 3578 3605 3813 3818 3917 4490 5434 5635 5717 5761 5975 6013 6221 6582 6638 6677 7055 8004 8291 8564 9132 9207 9208 9213 9251 9265 9275 9277 9319 9356 9368 9374 9423 9458 9459 9503 9507 9554 9557 9624 9637 9656 9659 9660 9666 9669 9685 9706 9739 9742 9751 9775 9787 9794
82 43 140 198 972 1305 2468 4105 5792 7121 9825 9826 9839 9847 9848 9902 9915 9923
83 1032 3967
84 9230 9231
85 143 3315 4053 6658 8231 9135 9971 9972 9974 9975
86 44 133 5972 10052 10055 10070
87 2540 2715 4131 9391 10088 10101 10105 10108 10109 10110 10147 10149
88 2440 10173
89 10178
90 4099
91 10186
92 6321 6971 10231
93 7063
94 2648
95 9247 10383 10395 10401 10402
96 10411 10412
97 10425
98 122 143 2953 3465 10537
99 1215 8657
100 1513 8687 9210
101 10559
102 2538 5689
103 2193 3323 9782
104 9242
105 638 1058 1146 1219 1248 1250 2418 3519 3765 6032 6184 10594 10608 10626 10632 10635 10638
106 2659 2946 4455 7279 8878 9098 10081 10092 10409 10640 10641 10642 10657 10658
107 9849
108 2248
109 2886 5870 10667
110 1558
111 2139 10713 10721
112 9239
113 1115 1210 2081 3934 4969 5105 10770 10772 10824
114 1354 5236 9028 9029 10866
115 972
116 123 3071 3312 5314 7381 8687 9626 9628 10879
117 1115 2468 5013 10517
118 777
119 271 301 487 3687 4441 5152 5708 5774 7081 8087 9297 10994 10997 11002 11014 11015
120 11018
121 3143
122 1368
123 11069
124 55 78 85 127 301 935 1140 1266 1351 1577 2137 2246 2400 3135 3323 3398 3864 4425 4536 5206 5846 6344 7086 8337 8640 8649 9887 10092 10954 11096 11097 11101 11102 11103 11104 11107 11109 11110 11111 11112 11118 11119 11135 11137
125 1358
126 3312
127 633 670 896 1353 1389 1436 1640 2346 2409 3141 3204 3676 3700 3955 4043 4390 4911 5788 5881 5897 5946 6700 7136 7272 7437 8165 8917 9851 11172 11174 11176 11177 11186 11193 11205 11227 11289 11296 11299 11300
128 7662
129 3217 3864 6197
130 45 70 97 125 145 190 301 622 1294 1342 1397 1776 3349 3643 3863 3991 4347 5322 5551 5706 7088 7691 8023 8861 9696 10738 11405 11407 11425 11433 11434 11440 11458 11465 11466 11472
131 11478
132 106
133 1067 2628 10201 11492 11494 11509
134 5951
135 11517
136 9307 9308
137 37
138 5456
139 2426
140 4282
141 1867 11595
142 10692 11642 11676
143 9271
144 5849
145 7473 11719
146 3855
147 198
148 6146
149 8652 9294
150 1219 2949
151 11745
152 9565
153 285 1353 1410 2270 5773 8923 9752 11774
154 1215
155 3476
156 122 1216
157 9334
158 2969 8087 11823 11825 11828
159 11867
160 70 121 145 168 183 628 965 1469 1683 2620 11242 11876 11877 11880 11884 11885 11906
161 98 11139 11943 11952
162 6357
163 1401 1484
164 11933 11979
165 8190
166 1206 11413 12034
167 93
168 2278
169 4137
170 9707 12068
171 1645
172 12072
173 5218 5915
174 12080
175 11980
176 156 177 562
177 1094
178 11966
179 2081 4983 6830 10772 10774 10778 12095 12096 12097
180 11950
181 2498
182 2097
183 104
184 1540
185 2569
186 1362 7334 12108 12109
187 6788 6789 6793
188 669
189 1422
190 8143
191 12173
192 12174 12175
193 319
194 3046 4180 7370 9188 12201
195 175 3147
196 9888
197 161 12228
198 2273 9487 12236
199 12260
200 11073
201 3154
202 12290 12291
203 2473
204 3188
205 12306
206 9588
207 12328
208 1776 2797 2881 2905 2912 3900 7301 12352 12367 12368 12397 12398
209 91 12403
210 1199 9247
211 954 1530
212 12443 12456 12470
213 12490
214 1946 4451 12492 12493 12494 12495 12496 12497 12498 12500 12501 12502 12503 12504 12505 12506 12509 12510 12511
215 896 12528
216 847 3177 6322 12540 12548
217 394 11000 12569
218 2856 5211
219 12555
220 12626
221 1535 4086 5175
222 8166 10574
223 12642
224 1830
225 9883 9897
226 2578
227 10501
228 478
229 125 301 324 570 949 1026 1081 1365 1406 1947 2491 2569 3288 3630 3745 3954 4225 4348 4536 5362 5397 5754 5792 5898 6423 6650 7083 7305 7608 7753 8074 9548 9639 9931 10128 10602 10739 12682 12683 12686 12701 12705 12714 12716 12810 12815
230 12693
231 165 4345
232 9873
233 9907
234 1354 7592 12644 12857
235 11427
236 9882
237 6327 7888
238 12537 12882 12883
239 11336 12891
240 12905 12911
241 896
242 5162
243 11717
244 167 194 218 226 570 653 965 1096 1242 1436 1856 2108 2296 2692 2880 3022 3156 3211 3647 4040 4043 4904 4922 6111 7084 7634 7703 9708 9994 10574 12937 12941 12942 12955 12965 12969 12972
245 145 173 487 3628 3956 4067 5931 12610 12963 12994 13000 13012
246 13044 13045
247 19 115 128 301 324 326 328 329 349 380 459 467 492 550 570 579 597 632 662 708 711 896 965 972 1031 1108 1303 1314 1393 1451 1477 1548 1734 1901 2062 2194 2257 2366 2408 2432 2657 2713 2765 2774 2873 2884 2951 3036 3131 3260 3310 3311 3334 3414 3463 3579 3621 3647 3682 3877 3955 4126 4237 4258 4266 4273 4290 4373 4996 5165 5389 5437 5450 5494 5915 5975 6056 6073 6145 6308 6378 6423 6801 6980 7059 7080 7176 7260 7278 7351 7610 7717 7910 8181 8842 8868 9399 9439 9661 9993 10059 10341 10532 10662 10873 10960 11889 12650 12737 12825 12831 13066 13076 13078 13079 13088 13089 13090 13103 13104 13105 13107 13108 13110 13111 13113 13150 13151 13154 13160 13166 13169 13178 13179 13182 13185 13187 13188 13189 13191 13206 13208 13209 13210 13214 13217 13221 13224 13232 13240 13241 13243 13255 13274 13278 13279 13280 13282 13307 13308 13309 13328 13336 13363 13365 13369 13371 13379 13393 13417 13427 13429 13444 13452 13453 13459
248 8475
249 394 890 1003 3291 3431 3463 4181 7193 7608 7892 8500 9011 10772 10929 11152 11449 12334 13520 13538 13550 13578 13596 13597 13598 13601 13624 13626 13627 13628 13633 13644 13673 13685 13744
250 394
251 13784
252 4335
253 755
254 7656 10015 13799 13807 13818 13829
255 3668
256 1592 3045 13905 13906 13908
257 7258
258 3660
259 13930
260 13935
261 785
262 13962
263 6951
264 122
265 13966
266 13970
267 246 1300 2097 2804 3373 3617 4012 5281 5450 6484 6697 7100 7753 9337 9933 12930 13984 13990 13991 14014 14051 14052 14055 14059
268 145 155 166 325 431 434 495 1102 1284 1526 2178 2293 2579 2611 2709 2756 3631 3774 3900 5232 5278 5322 5350 5437 5505 5984 6078 6846 7297 9136 10003 10742 10744 11456 12548 12942 13500 14098 14103 14121 14123 14158 14163 14165 14178 14243 14248
269 2956 2962 2963
270 115 161 183 207 285 301 622 659 684 713 715 1058 1108 1417 1761 2096 2367 2491 2597 2856 3124 3519 3851 3972 4007 5129 5456 7400 7434 7817 7917 8072 8450 9281 10790 10998 12989 13115 13370 13515 14275 14278 14284 14295 14297 14304 14308 14344 14346 14347 14366 14383 14386 14408 14410
271 4349 14291
272 570 3919 3961
273 14418
274 2928 14421 14422
275 1446 1828 3338 3339 9795
276 2490 5983
277 514 1715
278 5365 13903 14497 14499
279 687
280 14501
281 5698 10039 10045 12472
282 8570 14544 14554
283 3421 3441 3487
284 14574
285 186 966 2255 3074 3961 4048 4743 11804 14582 14585 14586 14590 14591 14592
286 9662
287 3906 8076
288 14597
289 7594 14376 14616 14620 14625
290 14646
291 3955
292 7627 10383 14656
293 8859
294 163
295 11006 14757 14760
296 2592
297 5912 8000 11166 13163 13595 14665 14676
298 14701
299 2695
300 2324 7906
301 2608
302 210 3873
303 2607 2613
304 3683 4854 14783
305 2725 2728 3061 7962 10638 14656 14784 14785 14786 14795 14796 14797
306 394 13109
307 1877 5745 8967 14822
308 8199 14825
309 3915
310 3812
311 4070
312 2737 2747 3035 9620 14831 14832 14833 14835
313 7514 14703
314 4353
315 6325 10234
316 284 289 329 382 738 782 1262 1406 2270 2462 2717 3056 3346 3896 4080 4181 5810 6393 8198 8866 10793 11071 13163 13747 14410 14866 14868 14870 14880 14883 14884 14886 14892 14912 14918
317 1535 14934
318 8073
319 14589
320 910 3900 5333 5857 7679 13475 14966 14970
321 757 926 980 1420 1422 3323 5404 6187 8798 9040 9058 10040 13657 14995 15001 15047 15050 15095 15100 15135 15136 15160 15200 15213
322 755 9662
323 1260 9991 15274
324 15295 15296 15300
325 737 848 1767 2608 2780 4006 4302 7356 13526 14779 15315 15331 15332 15337 15342
326 108 109 122 169 173 246 261 263 279 301 365 370 382 394 615 624 645 659 690 732 745 747 757 770 784 806 819 826 853 870 871 875 889 892 909 922 927 944 965 972 979 1008 1011 1023 1029 1099 1103 1110 1152 1156 1266 1303 1314 1362 1378 1406 1407 1412 1451 1529 1592 1598 1626 1627 1677 1766 1828 1877 1925 1954 2002 2014 2032 2060 2138 2171 2205 2222 2233 2238 2357 2375 2411 2418 2429 2473 2489 2535 2540 2578 2628 2629 2657 2658 2680 2702 2708 2723 2729 2754 2757 2758 2765 2766 2788 2804 2829 2834 2979 2984 3036 3068 3103 3143 3183 3211 3238 3241 3248 3255 3323 3350 3419 3510 3531 3542 3559 3596 3621 3631 3668 3712 3726 3738 3841 3967 3976 4014 4018 4040 4054 4077 4155 4174 4196 4218 4291 4310 4328 4392 4425 4476 4490 4498 4549 4598 4602 4698 4776 4792 4850 4855 5001 5005 5050 5073 5190 5215 5218 5260 5311 5322 5327 5362 5382 5394 5409 5415 5426 5434 5448 5450 5456 5457 5462 5522 5613 5655 5671 5732 5748 5769 5774 5789 5816 5835 5893 5898 5961 5978 6024 6033 6327 6333 6356 6367 6423 6470 6538 6547 6582 6611 6619 6624 6932 6935 6937 6972 7126 7133 7178 7290 7299 7323 7332 7336 7358 7370 7373 7375 7384 7589 7597 7622 7646 7653 7668 7757 7878 7965 8174 8225 8230 8400 8413 8445 8504 8598 8649 8733 8949 8952 8955 8970 8978 8992 9009 9011 9019 9021 9041 9104 9219 9235 9534 9575 9607 9757 9787 9929 10040 10074 10088 10311 10361 10504 10626 10762 10764 10825 10929 10947 10956 10972 11046 11141 11301 11463 11716 11761 11891 12058 12194 12224 12226 12240 12329 12356 12367 12405 12473 12706 12767 12797 12831 12905 13095 13151 13164 13219 13480 13511 13526 13529 13537 13542 13544 13546 13558 13581 13626 13630 13695 13707 13771 13777 13809 13810 13856 13868 13897 13908 13991 14047 14065 14467 14616 14624 14931 15004 15005 15013 15037 15048 15079 15094 15111 15124 15175 15216 15218 15233 15234 15335 15343 15346 15350 15352 15354 15361 15388 15410 15411 15422 15430 15431 15432 15435 15436 15458 15459 15469 15496 15506 15507 15513 15547 15548 15550 15559 15561 15567 15568 15580 15584 15587 15589 15591 15614 15629 15663 15684 15740 15741 15743 15745 15746 15747 15763 15767 15768 15770 15789 15805 15829 15882 15885 15886 15897 15901 15902 15906 15924 15925 15932 15934 15944 15945 15953 15984 16000 16034 16040 16059 16096 16136 16140 16145 16175 16176 16177 16178 16179 16184 16188 16214 16222 16224 16225 16228 16229 16234 16255 16259 16261 16262 16263 16268 16272 16284 16324 16350 16351 16360 16389 16399 16401 16415 16416 16421 16467 16471 16476 16499 16508 16530 16532 16534 16537 16538 16542 16557 16561 16575 16578 16579 16580 16594 16616 16621 16623 16626 16628 16632 16640 16642 16655 16681 16694 16695 16702 16728 16767 16771 16776 16781 16783 16786 16813 16848 16896 16901 16918 16920 16922 16948 16960 16972 16984 16986 16991 16992 16993 16995 16998 17023 17045 17090 17098 17121 17139 17150 17151 17158 17159 17160 17162 17166 17167 17200 17201
327 14706
328 14719
329 12900 17210
330 10617 17218
331 98 8852 12017 15001 17223
332 12510
333 8475
334 10744
335 579 2705 4378 7056 10601 11694 13083 17237 17238 17239 17240 17241 17242 17243 17244
336 2837 5266 5950 9375 14422 17248 17259 17270 17275 17282 17283 17284 17286 17288
337 4086 13116
338 2474
339 638 647
340 17313
341 443
342 1172
343 30 40 3695
344 11535
345 6 263 15382 17338
346 12583
347 6618
348 15385
349 394
350 17350
351 338
352 14958
353 394
354 9977
355 6843
356 4050
357 1581 1852 6427 7855 9301 10492 10834 17399 17405 17406 17407 17409
358 136 1001 2569 8891 10017 13848 17442 17477
359 3155
360 17511
361 18 105 108 122 178 204 257 301 324 326 342 344 376 459 475 495 517 535 641 727 734 757 821 822 849 853 867 893 896 898 905 945 1013 1027 1041 1080 1235 1451 1467 1472 1480 1577 1626 1640 1721 1753 1759 1765 2113 2191 2215 2222 2233 2250 2280 2368 2410 2440 2507 2533 2542 2726 2765 2773 3033 3083 3135 3156 3263 3299 3360 3460 3576 3647 3682 3768 3841 3866 3892 3924 3974 3985 4133 4196 4232 4233 4270 4350 4607 4611 4621 4644 4674 4723 4751 4843 4971 5001 5013 5241 5252 5314 5363 5494 5832 6378 6445 6466 6477 6799 6956 6980 6983 7171 7180 7289 7350 7494 7605 7678 7931 7943 8100 8710 9009 9812 9867 10054 10470 10532 10756 10825 10830 11182 11395 11456 11492 12052 12212 12679 12693 12705 12801 13085 13165 13346 13357 13478 13486 13556 13608 13664 13692 13710 13848 14095 14138 14494 14542 14906 14934 15057 15072 15079 15085 15159 15170 15354 15373 15654 15670 15787 15856 15872 15879 15892 15915 16101 16184 16261 16281 16292 16478 16488 16581 16686 16785 16849 16910 17021 17084 17517 17519 17521 17556 17557 17562 17579 17580 17581 17608 17610 17612 17636 17652 17666 17670 17673 17674 17677 17678 17685 17697 17717 17720 17730 17732 17746 17761 17769 17789 17790 17791 17802 17813 17826 17833 17857 17859 17860 17862 17893 17921 17987 18000 18003 18020 18022 18030 18032 18033 18042 18059 18072 18074 18088 18090 18100 18133 18138 18149 18158 18162 18163 18210 18224 18247 18256
362 4329
363 4109 9791
364 4000
365 264 1252 2592 3033 3818 5239 5246 5251 5253 5258
366 14085 16532 18283 18286
367 6669
368 346
369 17137
370 596 2097 4880
371 17368
372 4290
373 12158 18301 18302 18303 18304 18305 18307
374 4007
375 1818
376 18311
377 7267
378 1245
379 5216 8071
380 1067 2891 3790 7177 8571 9588 11394 14656 15439 17291 18318 18326 18327
381 4055
382 4057 6170 15860 18334 18335 18338
383 11472 13987 18342 18343 18344 18345 18350 18357 18366
384 5736
385 864 3139
386 7185 15380 16325 18378
387 17204
388 10711
389 9227 13284 18390 18391
390 14168
391 1072
392 1469 3764 8358
393 5630 14182
394 4009
395 4110 18414
396 1067 3055 3506 7007 10495 18430 18450 18456 18471 18473 18481 18486
397 17529
398 70 2704
399 9523
400 2824 16997 18511
401 1372 9737 9763 18530 18531 18533 18534 18535 18536 18538 18541 18542 18543
402 8076
403 4075 4444
404 7711
405 355
406 2094 4514 6861 8879 18125 18572
407 198 292 3988
408 4172 4584 14244 18597
409 11491
410 8597 18624
411 3331
412 5211
413 14220
414 14212
415 13513
416 737 1767
417 10089
418 9026 9305
419 4158
420 5433
421 7233
422 73 18641
423 9387
424 9220
425 4092
426 3083
427 2858
428 14205 14208 14226
429 268 3591
430 10798 18655
431 7473
432 4122
433 4429 18659 18660 18673
434 27 324 689 853 965 1120 1275 1285 1314 1626 2569 3298 3536 4116 4549 5246 5363 5546 5823 6350 6572 7208 8528 9477 9765 11032 11045 11271 12987 13370 15692 16849 17435 17620 18727 18773 18894 18896 18897 18899 18906 18914 18922 18938 18940 18949 19025 19048 19155
435 19157 19158 19159
436 19 90 140 167 268 279 301 321 702 755 783 847 870 876 955 965 970 1031 1095 1102 1118 1408 1436 1454 1456 1549 1554 1593 1617 1696 1766 1778 1974 1997 2013 2165 2188 2270 2296 2314 2390 2548 2569 2624 2651 2715 2729 2734 2773 2782 2826 2843 2906 2955 3027 3119 3302 3665 3668 3769 3814 3878 3967 3999 4042 4181 4249 4270 4430 4441 4640 4850 5269 5322 5382 5386 5389 5431 5620 5634 5640 5732 5810 5897 5961 6322 6805 6978 7024 7176 7221 7241 7297 7304 7443 7519 7763 7785 7915 8020 8198 8250 8285 8452 8563 8881 9288 9620 9628 10239 10749 10796 10945 10958 10999 11027 11107 11167 11761 11979 12616 12703 12785 13063 13153 13464 13694 13794 13887 14437 14662 14698 15227 15500 15534 15536 15728 15749 15770 15902 16564 16853 16960 17447 17476 17531 17730 17737 17981 18806 18974 19164 19165 19167 19176 19183 19213 19269 19270 19271 19280 19292 19307 19331 19335 19336 19342 19344 19347 19379 19390 19396 19401 19402 19403 19405 19455 19457 19458 19459 19463 19467 19470
437 380 2719 6077 13150 13160 13166 13172 13206 19477 19479 19500
438 394 19508
439 14974
440 2643
441 13901
442 313 337 341 12846 19547
443 12966
444 15649 16302 19550
445 9620
446 322
447 19559
448 3045 12027
449 14260
450 7990
451 19208
452 268
453 12497 12502
454 13928
455 6309 11468
456 6682
457 14825 19266
458 360
459 9639 14403
460 81 164 198 352 847 923 1061 1252 1266 1378 2271 2347 2579 2635 2649 2654 2755 2757 2764 2767 3864 4007 4549 5735 6986 7073 7297 7492 7583 8010 11663 15525 15547 16292 16978 18729 19346 19353 19628 19651 19657 19658 19672 19673 19674 19675 19711 19739 19742
461 277 349 841 896 942 1379 1459 1625 2490 2491 2761 2776 2785 3108 3161 3247 3531 3612 3651 3864 4007 4181 5162 5307 5319 5322 5327 5565 6802 6851 7054 7291 7296 7318 7475 8874 8941 8945 9377 9632 9776 9817 10093 11151 11318 11906 12359 13014 13085 13753 13926 14461 14581 14698 15524 15681 15726 15987 16742 16986 17130 17638 18056 18068 18720 18740 19785 19786 19792 19844 19856 19885 19902 19903 19927 19935 19937 19946 20006 20008 20012 20017 20019 20058 20060
462 4148
463 301 665 734 896 1048 1163 1328 1386 2339 2384 2581 2713 2719 2768 2788 2789 3594 3621 3628 3854 4036 4174 4363 4536 5362 6078 6423 6484 7180 7286 7309 7382 7463 8885 9085 10194 11083 11305 11320 12401 12810 12978 13118 13512 13781 15635 15657 16317 17448 17553 19477 19479 19500 19505 20092 20095 20120 20147
464 20187 20188
465 1325 12617
466 729
467 7755 16298 19235
468 6971
469 19675
470 4179 4192
471 10657
472 394 6618 7137 20231 20234
473 18705
474 4191
475 11227 13043 18911 19612 20256
476 394
477 1765 5939 9660 14786 15422
478 3490
479 19214
480 10471
481 19215
482 1001
483 10020 18214 20286 20290
484 19599 19606 19607
485 810
486 20304
487 2293 2533
488 7312
489 19615
490 268
491 920 7185
492 19618
493 5647
494 7520 12644
495 1425 6581 15567 19594
496 19632
497 1217
498 798
499 724 19614
500 13314
501 394 20351
502 17135
503 13710
504 8800 10291 10812 10840 13907 15910 15990 16909 17944 19612 20364
505 1451 5300
506 13498 13500
507 6974
508 671
509 19629 19638
510 1115 20390
511 10267 10436 12721 12747 12758 14210 15527 15983 16080 17171 17554 19747 20391
512 3113
513 117 13203
514 20416
515 15400
516 394
517 18061
518 2782
519 18325
520 7552 19263
521 11478 20434
522 19242
523 1480
524 2628 20460
525 4179 11212
526 11320
527 19726
528 15575 19690 19698
529 4100 17445
530 16551
531 2690 9357 16262 20471 20473 20475 20484 20485 20491
532 20496
533 13264
534 6197 12047
535 20511
536 5735
537 19626
538 12604
539 15387 16281 19702
540 1939
541 14095
542 19713
543 10383
544 20535 20538
545 2784
546 12752
547 18739
548 19701
549 2103 20309
550 20563
551 10982 17449
552 19770 19776
553 20574 20575
554 1796
555 1303
556 10435
557 5533
558 18728 20403 20582
559 16958
560 105 301 324 542 659 772 892 896 965 1386 1796 2065 2779 2785 2797 2819 2875 2891 3037 3080 3628 4181 5397 5535 6805 6932 7353 8091 9507 9579 10523 10608 11301 11377 11547 12607 13336 13438 13527 14329 16048 16635 16759 18235 19308 19585 20592 20594 20596 20605 20608 20618 20628
561 3433
562 1402 6657
563 20671 20672
564 1374 2575 14760 20674 20675
565 972
566 3045
567 1467
568 1787 14781
569 7284 19880 20682 20683
570 11394 19890
571 19894
572 16606
573 14538
574 1504
575 6876 20696
576 4609
577 14276 14292
578 2660
579 19897
580 15381
581 6071 12287 20735 20737 20738
582 13824
583 12631
584 10507
585 19878
586 1760
587 1775 6024
588 19051
589 11774
590 285 301 444 524 689 740 798 830 868 871 880 889 905 909 927 970 1230 1386 1451 1625 1626 1799 2222 2597 2704 2767 3323 3668 4007 4344 4836 5144 5163 5278 5494 5643 6170 6370 6501 6847 6948 6956 6983 7340 7663 7753 8880 8961 8978 9672 9855 10819 11287 11630 11916 12770 12969 12978 13103 13290 13743 13763 13824 13844 16079 16560 16915 17511 18086 18118 19332 19991 21030 21060 21062 21074 21080 21089 21092 21093 21120 21129 21137 21157 21159 21161 21162 21191 21200 21207 21275 21298
591 5735
592 8166
593 570 1031 10869
594 14698
595 10564
596 9896
597 15273
598 9421 12817
599 7990
600 13540
601 10692
602 1904 21020 21027
603 5389
604 21325
605 15432
606 6423
607 17141
608 4007
609 285 301 324 975 1328 1511 1640 3178 3371 4290 4842 5670 6555 6887 8241 8337 8342 8390 10625 10962 13522 16144 19424
610 13747
611 8126
612 21065
613 373 505 7185 21394 21395
614 18103 21403
615 1156 3692
616 829 19038 21412 21419 21441
617 21447
618 13069
619 394
620 8241
621 2815 12158 17275
622 10611
623 10052
624 15366
625 17153
626 4559
627 1439
628 21491
629 862
630 9813
631 2105
632 722 5754 17216
633 21509
634 13977 21515 21528
635 7473
636 14264
637 4317 9320 9495 15709
638 2997
639 14469
640 4275 14945
641 16531
642 782 21058
643 21580
644 19365
645 15727
646 892
647 3592
648 21528
649 1048
650 3487
651 6356 7476 9522 21621
652 1839
653 4615 11087
654 3317
655 1592
656 21641
657 4409
658 21647
659 1248 4002
660 2969 12226
661 3033
662 21648
663 6484 15738
664 3646
665 402 21655 21658
666 4277 10486
667 2834 21691
668 226 301 735 1009 1101 1554 2444 2569 2728 4056 4181 5344 6074 6808 6912 7322 7668 8062 11301 13069 15100 16902 18300 19996 21695 21698 21708 21715 21727
669 17652
670 6501
671 4947
672 21743
673 13414
674 19360
675 15979
676 3256
677 12616
678 11554
679 5680
680 4336
681 4944 8057 19373
682 5437 14914 21757 21767
683 2838
684 21771
685 1152 3517 8166
686 2184
687 613 16624 21784
688 271 610 847 1027 1140 1559 1626 1766 2007 2060 2657 2755 3404 3542 3856 4007 4077 4533 4850 4986 5321 5335 5380 6085 6585 7674 8932 10538 10956 11242 13417 13727 13837 13899 15242 15748 16956 17484 17652 18022 18225 18806 19125 20056 20083 21205 21737 21787 21808 21816 21828 21829 21844 21860 21864 21868 21869 21886 21890 21895
689 1339 6474 21907
690 13313
691 254 301 324 757 768 851 870 881 898 1087 1156 1406 2233 2360 2484 2569 3015 3043 3056 3063 3216 3307 3525 3850 3901 3943 4033 4344 4425 4430 4561 4892 5005 5489 5551 5925 6805 7174 7188 7195 7313 7314 7348 7629 8225 8249 8285 8478 8564 8958 8981 8987 9009 9235 9974 10032 10079 10944 11059 13065 13903 13915 14484 15614 15689 15877 16184 16403 16772 16991 17707 19426 19916 20615 20775 21215 21845 21917 21918 21919 21923 21924 21947 21954 21955 21981 21985 21987 21992 22002 22006
692 17397
693 10352
694 7143 9024 9838 12348 21790 22026 22028
695 14850
696 394 928 1156 1626 1766 3052 3349 4316 5251 5457 5579 6560 6585 9997 10763 13626 13683 13842 14839 15044 15833 17736 22043 22059 22064 22079 22110 22165 22172 22174
697 5261 9046 9533 22186
698 5699
699 11213
700 16726
701 17056
702 954 1225 1804 1973 10468 10624 10663 15542 15607 15621 15782 16812 22203 22204 22207
703 22226
704 760
705 3135 13210 22242
706 7690 22243
707 22244 22245 22247 22250
708 134
709 394
710 22279
711 134 279 285 301 352 459 570 738 747 749 754 814 825 830 870 900 962 989 994 1002 1011 1027 1087 1147 1208 1588 1626 1837 1977 2237 2262 2280 2400 2518 2663 2765 2975 3119 3139 3265 3323 3513 3542 3945 3956 4007 4077 4174 4289 4425 4449 4944 5165 5228 5281 5390 5494 5696 5909 6044 6658 6901 7354 7895 7910 8089 8091 8155 8989 9352 9932 10742 10802 10958 11017 11021 11148 11440 12057 12068 12093 12172 12404 13210 13614 13767 13848 14546 14835 15018 15211 15212 15227 15244 15433 15545 15760 15969 16612 17150 17169 17183 17506 19120 19356 19579 20501 21222 22055 22242 22292 22302 22308 22309 22315 22331 22340 22400 22401 22410 22411 22418 22458 22464 22484 22524 22529 22536
712 19730 22547
713 1079
714 126 22552
715 16360
716 16006
717 98 3793 14531
718 22572
719 12790 17362
720 16000 22284
721 373 500 7185 10799
722 18751
723 19988
724 22595
725 500
726 16459
727 1406 3313
728 4620
729 394
730 10561 18033
731 297 394 6973 8190 15997
732 1694 4862
733 22613
734 10870
735 1504 12528 18811
736 5797 12100
737 11317 11864 22662
738 4451 12496 12498 12500 12509 12510 22663 22664
739 6466 6481
740 134 165 178 301 556 570 847 892 928 1099 1378 1848 1915 2261 2280 2494 2957 2958 3542 3597 3841 3873 4040 4484 5457 5959 6328 6500 6577 6589 6805 6967 8614 8778 8888 8895 9607 9759 9939 12769 13026 13565 13949 14564 14911 15181 15238 15240 15350 15728 16083 16200 16863 17169 17627 17673 18777 18820 19151 19468 19845 22533 22667 22669 22673 22674 22675 22676 22680 22685 22690 22699 22700 22703 22704 22705 22707 22716 22725 22727 22728 22730 22732
741 446
742 15530
743 15861
744 13 52 66 70 109 116 134 268 277 285 301 312 394 459 524 757 798 847 853 872 890 896 909 912 916 965 1009 1026 1031 1067 1097 1156 1189 1218 1238 1329 1348 1354 1464 1474 1548 1578 1638 1848 1922 1967 2065 2073 2112 2113 2233 2260 2267 2408 2658 2713 2833 2856 3006 3035 3081 3102 3126 3139 3182 3250 3298 3477 3512 3533 3606 3651 3793 3826 3866 3873 3976 4022 4026 4030 4050 4056 4144 4156 4211 4316 4755 4794 4800 4828 4843 4845 4850 5001 5005 5013 5219 5300 5327 5484 5494 5507 5551 5592 5691 5782 5931 6005 6075 6321 6438 6496 6577 6581 6604 6605 6623 6624 6628 6664 6727 6786 6843 6960 7152 7171 7175 7182 7324 7361 7662 7691 7736 7777 7789 7791 7800 7804 7828 8087 8234 8355 8528 8778 9011 9457 9531 9686 9909 9939 10096 10108 10482 10486 10549 10760 10761 10763 10783 10784 10965 11001 11017 11075 11082 11219 11230 11254 11559 11635 11718 11876 11925 12543 12767 12953 13392 13559 13642 13645 13647 13673 13767 13822 13861 14329 14531 14664 15036 15075 15099 15107 15115 15117 15131 15139 15178 15232 15353 15376 15398 15439 15633 15847 15854 15865 15936 15989 16003 16120 16172 16187 16326 16456 16759 16897 16958 17166 17660 17662 17715 17740 17748 17772 17784 17890 18076 18773 18780 18852 18891 18892 18916 18940 18952 18977 19074 20038 20147 20590 20629 21050 21087 21612 21790 21874 22109 22160 22428 22526 22624 22689 22755 22756 22761 22780 22785 22789 22800 22801 22804 22805 22811 22813 22814 22822 22823 22824 22826 22830 22833 22839 22842 22843 22868 22871 22896 22914 22916 22932 22933 22934 22935 22943 22944 22946 22954 22958 22959 22970 22971 22972 22973 22974 22978 22983 22986 22988 22990 22995 22997 23005 23012 23033 23053 23101 23102 23105 23107 23142 23146 23177 23187 23190 23203 23207 23208 23209
745 1919 6863
746 3106
747 23244
748 134 331 394 896 1156 1506 2835 6599 9141 13168 16008 16248 17666 23252 23268 23269
749 394
750 8389 12365 15874
751 23277
752 284
753 23280 23281 23282
754 481 1577 5932 9776 15129
755 23412
756 2375
757 3629
758 2504
759 23419 23421
760 16360 23435
761 7186 14092 23300 23441 23443
762 5384 6933
763 4680 11804
764 1287
765 301
766 1248
767 4041 14574 18084 23449 23450
768 2809 3839 22068 23275 23305
769 1027
770 5711
771 5796
772 23476
773 1626 2545
774 3549
775 23481
776 70 151 167 198 301 324 459 625 684 726 767 819 849 873 1002 1030 1242 1285 1287 1332 1368 1626 1658 2108 2111 2139 2188 2384 2468 2473 2511 2589 2626 2823 2992 3143 3307 3666 3873 3898 3976 3982 4077 4208 4233 4657 4957 5001 5005 5132 5397 5423 5551 5646 5792 5890 6184 6215 6465 6581 6846 6863 6888 7282 7299 7510 7659 7764 7804 7888 8185 8244 8333 8394 8469 8614 8783 9055 9237 9275 9277 9982 10352 10354 10374 10485 10751 10759 10882 11293 11318 11564 12785 12822 12971 13108 13187 13195 13234 13592 13619 13764 13772 13820 13825 13848 13915 14090 14467 15042 15772 15781 15899 15910 15965 15967 16087 16108 16188 16964 17488 17607 17660 17690 18081 18139 18785 18824 18825 18826 18938 19031 19353 19599 19626 21252 21423 21445 21834 22041 22046 22054 22056 22060 22511 22701 22709 22717 22876 23249 23299 23302 23307 23312 23341 23491 23504 23507 23537 23541 23546 23552 23559 23561 23571 23573 23590 23612 23618 23662 23663 23667 23674 23687 23694 23705 23707 23717 23718 23719 23721 23723
777 13688
778 830 1009 2728 3305 6489 6565 6802 10832 13562 23742
779 23804
780 1386 9565 23810
781 23811
782 1808 19843 23814 23815 23816
783 6913 20717 22101
784 18464
785 1339 4281
786 2462 16694 23835
787 23487
788 2871
789 17748
790 14254
791 19632
792 15025
793 11854
794 7195
795 686
796 9489 18315
797 15429
798 3879
799 3692
800 23866 23867 23868
801 394 1504 20317 20322 23780 23884
802 5835 18783
803 324
804 3201 23892
805 725 8953 10742 15227
806 1099
807 23912
808 20105
809 5656
810 23939
811 2891 12500 20432 23949 23951 23952
812 394 6618
813 23953
814 1001 3888
815 23764
816 7378
817 853 2154
818 12469
819 19227
820 1288
821 6075
822 2523 7755
823 394 6618 12255
824 8504
825 2452
826 23982
827 660 11039
828 570 3961 5238
829 23993
830 23995
831 7117
832 21051
833 5463
834 1152 5971 24000 24003
835 394
836 24005
837 3477
838 1546 24017
839 7194 13846 16824
840 178
841 1115
842 7789
843 16569
844 4563
845 2903 10589 12539
846 459 18176
847 22426
848 969 10824
849 24043
850 14579 24046
851 4896 23529
852 2518 8126 8158 11099 23647 23655
853 3615
854 4155 5144 16281
855 12525
856 16301
857 24084 24085
858 134 5901 7744 12017 12262 12534 18072 20270 23025 24096 24097 24098 24099 24101 24102 24103 24104 24106 24107 24108 24109
859 13147
860 23799
861 2523 11463
862 394 12018 12525 12535 12569 24124 24129 24130
863 1504 23780
864 6981
865 12273 13841
866 4286
867 7172 23775
868 24155 24156 24159
869 13480
870 12726 14473 14474 15893 16123 16801 17977
871 10043
872 3049 4188
873 5001 6538
874 6201
875 24084
876 7672
877 3465 5781 10844 10919 14819 15479 15593 15598 15622 15659 15782 15783 15916 17642 22820
878 24194
879 6185
880 1087 11576 16027 24218
881 1156
882 1339 3407 24227
883 1626
884 2014 21128
885 15229 21479
886 8793 17646
887 4751
888 15044 19632
889 136 729 2351 5190 12487 16864 24255 24258
890 1115
891 15031
892 8002
893 8337
894 857 1927 1966 2540 5239 13317 15093 23758 24281
895 2138 4621 5631 9989 11660 16756 17522 18823 24289 24290 24291 24292 24293 24294 24295
896 6496
897 208 772 847 1238 3619 4398 5001 6178 8978 10074 10427 14255 15324 16071 16129 16865 17983 18761 18799 18818 18836 21959 22060 24306 24319
898 3866
899 20744 24360
900 3312 7227 10870
901 7135
902 23719
903 23565
904 23702
905 394
906 208 301 1066 1168 1927 2322 2518 2691 3876 4709 5931 6843 9432 11378 16695 18697 22072 24337 24388
907 19706 20654
908 15031
909 9314 16835
910 4181
911 24287
912 23544
913 24404
914 12736
915 4120
916 8609 8629 12166 17159
917 24415
918 10190
919 24421 24424
920 10656 14656 24336
921 1020 6565 11620 15051 24429 24430
922 13551
923 1504 12527 12528 12578
924 1067 5266 9966 13423 17245 22338 24437 24438 24439 24440
925 19818
926 5290
927 20836
928 24482 24483
929 8055
930 10999
931 2214
932 13074
933 23570 24494
934 848
935 806
936 7343
937 394 8190 12254 12569 15650 22184
938 13851 22166 22170 23116
939 5504
940 136 459 475 579 619 665 755 757 807 951 1120 1220 2108 2280 2384 2548 2586 2729 2891 3646 3946 3975 4012 4018 4425 4536 4567 4751 4783 4850 5001 5596 5631 5893 6500 6967 7150 7386 7472 7557 7658 7661 8247 8500 8695 8804 8890 9024 9081 9094 9235 9251 9522 9620 9995 10074 10474 10788 10825 10978 11136 11166 12325 12748 12810 12823 13065 13507 13616 13707 13710 13833 13853 14163 15058 15071 15099 15123 16000 16236 16280 16433 16695 18761 18859 18866 18878 18880 18893 18934 18936 18937 18943 20196 20584 21444 21851 21956 22545 22895 23063 23588 23887 24504 24511 24533 24552 24580 24632 24637 24654 24661 24669 24670 24672 24676 24678 24687 24689 24690 24693 24699 24713 24715 24735 24736 24739 24744
941 254 301 819 871 1370 1751 1848 3156 3621 3668 3816 4995 6462 6484 6860 7126 7282 8069 8932 11479 12794 13569 13672 13794 15004 15005 15058 15060 16043 16049 16120 16156 17786 18834 24757 24758 24771 24773
942 847 1101 2107 2569 3161 4007 4180 5867 7622 10751 13521 13849 16745 17135 17805 17975 22533 24787 24791 24798 24825
943 24830
944 13310
945 2977
946 1504 7286 12256 12259 12573 23325 24498
947 24835
948 1067 7864 18521 24836
949 1384
950 4280 6659 9061 13717 18861 24353
951 143 689 737 1067 1146 1242 2695 5351 5924 6044 6125 7181 7659 8530 9332 9351 9754 9906 10083 11556 13487 13626 13657 14564 14698 14883 15139 16100 16553 17652 18871 18881 20092 20474 22099 22124 22835 23174 24347 24553 24853 24855 24858 24859 24865 24869
952 10070
953 1184 15104 23566
954 12535
955 13848
956 4707
957 9276
958 394
959 178 4566 24568
960 15123 24906
961 24912
962 13593 18819
963 13855 24916 24920
964 3067 11143 12055 16116 16652 16782 19695 19925 20116
965 4014
966 24924 24929 24930 24937
967 16758 19605 24943 24944 24946 24949
968 4392 16085 24974
969 1974
970 9212
971 806 892 2222 2269 3548 4359 4521 4653 4843 5005 5494 5751 6863 8488 9301 9932 10373 10772 11345 11577 12616 13601 15059 15064 15086 15851 16188 16200 16232 16820 18204 18846 18850 18853 22370 24698 24994 24995 24999 25001 25011
972 23576
973 9291
974 1027
975 11031 23986
976 25014
977 25015
978 18391
979 1027
980 11999
981 2335
982 21284
983 25023
984 10201 13193
985 20937 25037 25043 25060
986 18236
987 25122
988 3049
989 11514 12447
990 25128
991 21191
992 1067 4451 6197 9063 9066 22663 25131 25136 25142 25147
993 11945
994 10763
995 24771
996 3664
997 15058
998 77
999 25086
1000 7194
1001 7622
1002 1758
1003 1626 5902 8552 17464 25163
1004 23022
1005 25105
1006 3652 7378 11834 16176 19386 23357
1007 25168
1008 15502
1009 23607
1010 7990 13586
1011 9168 12203 25172
1012 18118
1013 5219 21118
1014 6229 24571 25182
1015 15076
1016 2014
1017 25106
1018 1504 9612 10799 14261
1019 660 8241
1020 13727
1021 20275
1022 18839
1023 2865 3045 3558 7622 8958 25198 25200 25205 25208
1024 25210
1025 1463 7587 7588 25171
1026 110 173 228 524 619 641 710 857 956 1021 1067 1647 2191 2221 2233 2410 2419 2808 3298 3827 4006 4129 4678 5001 5005 5130 5611 6044 6085 6703 7189 7340 7398 8246 9279 9897 10504 10511 10617 10672 10722 11075 11080 11083 11382 11838 12372 12909 13641 13668 15091 15353 16051 16092 16157 16244 16948 16995 17797 17887 18022 18328 19597 21741 22084 22124 22127 22128 22937 22944 22991 23065 23728 24328 24478 24513 24672 25005 25155 25220 25258 25274 25275 25276 25278 25280 25282 25297 25308 25309 25314 25321 25324 25330 25344 25345 25351 25352 25353
1027 13618
1028 5835
1029 24850 25377
1030 24575
1031 806
1032 23342
1033 524
1034 920 25380
1035 9034
1036 13864
1037 5791 10927
1038 25359
1039 7657
1040 24568
1041 1209
1042 392 394 1504 11200 12022 12460 12468 12525 12530 12532 12538 12569 12578 23780 25404 25409 25410 25414 25415 25416 25417
1043 60 23050
1044 16271 25429
1045 25435
1046 2924 3298 5144 7031 14423 17275 17282 25436 25438
1047 3124 17579
1048 18842
1049 18651 18844 18845
1050 4843
1051 25451
1052 18325 25456
1053 1085 24681 25457
1054 2833 21955 25235 25461
1055 7897
1056 18870
1057 15058
1058 372
1059 22801
1060 4073 25471
1061 1392
1062 4426 10267 15983 16080
1063 20255
1064 25529 25530
1065 628
1066 7236
1067 19033
1068 4989
1069 3583
1070 20643
1071 25552
1072 6496
1073 1305
1074 1067 16999
1075 123 1118 6356 7476 25559
1076 3068 3575 16236
1077 16999
1078 7218
1079 25562
1080 4680
1081 16738
1082 25564
1083 6863 7150 25228
1084 18074
1085 25570
1086 1581 4280 22092
1087 18620
1088 4650
1089 122
1090 10512
1091 3068 3575
1092 23141
1093 25497
1094 15104
1095 11496
1096 12742
1097 2837 11403 25592 25593
1098 1042 15103
1099 1374 3068
1100 25264
1101 9251
1102 19987
1103 25597
1104 1658 3664 5835 9028
1105 25601
1106 5754
1107 13994
1108 9541 25605
1109 23166
1110 20564
1111 2108 6577 22508
1112 1156 1626 16286 24744 25155
1113 394 830 1067 1623 2191 2390 2511 2751 3369 3371 3922 4850 5693 6400 6530 6572 6822 6943 7190 7191 7196 7197 7199 8528 10687 10757 10772 10774 11500 13065 13217 13634 13767 15191 15890 15978 16000 16322 16500 16695 16786 17080 17167 17824 17885 17918 17942 18076 18765 19408 21677 22107 22125 23538 23706 24836 25368 25369 25667 25668 25669 25674 25721 25724 25763 25764 25800 25856 25859
1114 9221
1115 10076
1116 4899 8129 10463 16780
1117 25890
1118 5001
1119 10945
1120 25902
1121 2759 4280 5397 7191 11368 12473 12987 25942 26011
1122 1242
1123 64 301 965 1238 1257 1775 3019 3049 3748 4232 4430 4607 4755 5025 5664 6125 6624 7145 7191 7482 9186 9720 10147 10810 12522 13549 13565 13658 13668 13690 13824 13839 15314 15398 16025 16626 17896 18011 18912 18917 19631 20563 21448 22108 22130 22411 22868 22934 23007 23026 23130 23380 25155 26040 26041 26042 26044 26048 26062 26063 26071 26074 26076 26078 26082
1124 12363
1125 5642 6155
1126 20091
1127 10565 10615
1128 17797
1129 25661
1130 1237 6104 15139
1131 3016
1132 11368 17659 20724
1133 18462 21400
1134 19286
1135 8105 10488 13876 16111
1136 2224 11686 18074
1137 5130 11080 19123
1138 8868 9673
1139 12308
1140 394
1141 15934
1142 6099 6538
1143 1770 3049 9332 16095
1144 3803
1145 4783 25303
1146 1222 4606
1147 11150
1148 4586 4596 4606 6432 6434 6453 6456 6497 6533 6971 24982 26166
1149 23392
1150 6459 26172
1151 16090
1152 6433
1153 7482
1154 7838 7839 7845
1155 3542
1156 6430 23396
1157 23388
1158 4110
1159 26185
1160 13042
1161 26186
1162 1413
1163 26204
1164 880
1165 12871
1166 26208 26211
1167 23760
1168 134
1169 1626
1170 25672
1171 26243
1172 1021 6601 17952 26258
1173 2125
1174 2463 11099 14138 26261 26262
1175 25935
1176 6768
1177 394 25411
1178 11818
1179 268 17681
1180 3052
1181 26270
1182 25672 25949
1183 26275
1184 9262
1185 13660
1186 17832
1187 5145 26293
1188 26294
1189 14331 23396
1190 12146
1191 26301
1192 8306 26302 26311 26317 26318
1193 1626 6059 23072
1194 25971
1195 26335
1196 26344
1197 20365 23022
1198 1027 3793
1199 6552
1200 3141 15122 26354
1201 1031 4855 12644 13657 14944 18780
1202 880 4030
1203 26363
1204 21785 26365
1205 13824
1206 1533
1207 13844
1208 17910
1209 4801
1210 143
1211 23835
1212 25339
1213 4596 6430 6473 14548
1214 1099
1215 4302 12539
1216 394
1217 1581 4280 5624 11852 25358 25363 26382
1218 2362
1219 865
1220 1302 14648 25340 26388
1221 1406 23567 25337
1222 2470 4521 6044 11301
1223 6285 26394
1224 26397
1225 25342
1226 7662
1227 7174 23719
1228 26418
1229 18938
1230 5304 8391 11182
1231 1469 16295 26424 26425 26426
1232 6078 16693
1233 3477
1234 12453 18955 26431
1235 3622 12302 16298 20709 22912 25122 26446 26447 26450
1236 5624 6863 18861 26453
1237 3049
1238 3660 25955
1239 26466
1240 1433 12963
1241 16386
1242 3033
1243 6550
1244 13701 17879 17888 26474
1245 16094
1246 16348 17159 24336 26480 26481
1247 22370 25740 25754
1248 22150
1249 2056
1250 889
1251 1027 1626 13042 19694 21716
1252 10094
1253 3060 3061 26484 26487 26488 26489 26493
1254 6125 7169 11552 15572 26496 26503 26508
1255 1554
1256 10843
1257 13678 13682
1258 660
1259 26530
1260 1626 14336 15186 22008
1261 1242 12847 15586 26595
1262 4593 10617 25959 26596
1263 17896
1264 1156
1265 4383
1266 12359
1267 1242 1578 10785
1268 16301 26600
1269 3967
1270 614 2578 3071 4855 6356 9032 9045 9047 14589 22655 26622 26623 26624
1271 7187
1272 13664
1273 26541
1274 19017
1275 394
1276 1027
1277 13264
1278 25970
1279 1968 12300 26655
1280 3126 7665 26660
1281 11307
1282 26236
1283 26080
1284 2529 3071 3074 9041 9045 14965 15272 25546 26356 26664 26666 26667 26668
1285 14461
1286 15881
1287 10955
1288 18272
1289 20466
1290 1639
1291 10076
1292 1067
1293 2563
1294 2741 8550 10500
1295 9716 12627 19823
1296 1626
1297 9908
1298 13694
1299 7684
1300 4502
1301 3183 10774 25822
1302 14678 16354
1303 24492
1304 13686
1305 18328
1306 1099 1248 4850 5389 6560 7191 8528 10772 11301 17816 26689
1307 261 301 374 570 660 689 1067 1230 1353 1578 1647 1911 2945 3087 3114 3298 3823 3866 3952 3955 3978 4054 4124 4316 4649 4681 4691 4863 5468 5535 6077 6841 6865 7174 7494 7682 8126 8204 9012 9884 10780 10784 10964 11000 12733 12875 13668 13692 13699 13707 13713 13718 13720 13724 13733 13794 14483 15190 15192 15262 16082 16115 16122 16839 17410 17914 17927 17953 17954 17955 18859 18958 18967 20020 20080 21262 22173 23037 23110 23226 23538 23827 24640 24682 24878 26691 26693 26695 26696 26697 26702 26725 26756 26770 26773 26776 26781 26782 26789 26800
1308 4589
1309 143 1194 5580 17047 23110
1310 69 24156 26521
1311 143 8204
1312 5384 23179
1313 143 14954
1314 15166
1315 3033
1316 3033
1317 143 3954
1318 1504
1319 10767 10769 10770
1320 26842
1321 9173
1322 2293
1323 1626
1324 12370
1325 15218
1326 13698
1327 6601 6602
1328 17859 26850
1329 18968
1330 394 12581
1331 394 12256 12265 12522 12531 12578 24130 25409
1332 8915
1333 3981
1334 14716
1335 22155
1336 15163 17325 23124 26854
1337 394
1338 6077
1339 394
1340 6119
1341 16542
1342 19362 26724 26864
1343 13657 21538
1344 17324
1345 25819
1346 5580 17932 22091 24755
1347 962 2363 7368
1348 660 3143 4899 11033
1349 1368 26558 26567
1350 8416 26883
1351 18942
1352 11148 12511 26885
1353 1027
1354 11697
1355 20051
1356 394 12522
1357 23136
1358 394
1359 26082
1360 2278 26896
1361 3073 18114
1362 26903
1363 8246
1364 4270
1365 12569
1366 15991
1367 16140
1368 8185
1369 26560
1370 3183 10798 26223
1371 12718
1372 18973 26920
1373 833
1374 9561
1375 9891
1376 3298
1377 13727
1378 6119
1379 7683 26926
1380 4709
1381 6956
1382 19446
1383 5971
1384 394 8190
1385 724 1353 3308 5277
1386 394
1387 3143
1388 4295 5402
1389 16137
1390 26224
1391 12019 26945
1392 13716
1393 21771
1394 2957 3533 4647 6577 7193 8662 9228 12372 13310 15872 18970 26946
1395 470 1391 5157 5790 6591 10006 14478 19408 26080 26948
1396 8101
1397 1287
1398 1031
1399 4983
1400 394
1401 10441
1402 18844
1403 23957 26976 26977
1404 6622
1405 26584
1406 134
1407 1643 3298
1408 965 2280
1409 13042
1410 17135
1411 10822
1412 2703 2723 9604 26989
1413 4155
1414 257
1415 26404
1416 26837 26992
1417 1776 1806 2235
1418 11045
1419 1626
1420 26587
1421 13721
1422 4657 4845
1423 27009
1424 3393 27011 27012 27013
1425 17959
1426 27020
1427 1597 27021
1428 3052 3734
1429 7317
1430 27025
1431 2271
1432 27028 27029
1433 70 360 459 2878 3809 4245 4843 6279 7606 7702 10017 10027 11911 13097 13302 13626 19020 27035 27043 27046 27059 27071
1434 5710 5728
1435 8079 27093
1436 1592 5426 5668 7242 9621 9972 16591 27129 27160
1437 4113
1438 10108
1439 108 122 209 301 313 444 697 1058 1156 1246 1761 1901 1952 1997 2079 2238 2269 2410 2951 3164 3299 3372 3388 3391 3599 4285 5265 5696 5699 5725 6321 6328 6673 7054 7485 8108 8682 8891 9688 10581 11080 12229 12631 14140 15273 18060 19623 21329 21421 24817 27167 27172 27174 27176 27186 27238 27279 27280 27288 27301
1440 1058 3519
1441 2363 27323
1442 9341
1443 5269
1444 1801
1445 453 726 729
1446 7248
1447 726 729
1448 1934 2024 9617 9644 27356
1449 2191 3888 5416 10389 27376 27381
1450 7308
1451 428
1452 17566
1453 5729
1454 9873 10597 27400
1455 9362
1456 9403
1457 2811
1458 68 1108
1459 6005 13729 27404
1460 27407
1461 7119
1462 1359
1463 25880
1464 22896
1465 301 697 857 1156 1406 2253 4223 7092 9399 16522 19007 27417 27421 27422
1466 5409 27447
1467 128 159 325 484 487 525 548 896 955 972 1027 1192 1311 1406 1865 1919 2564 2610 2698 2702 3036 3303 3612 5209 5481 5699 5873 5997 6984 7092 7255 7529 7542 10033 10040 10053 10076 10581 10811 10953 11202 11469 14279 14664 15739 27381 27462 27476 27485 27508 27513 27525
1468 47 285 394 398 517 1041 1147 1732 1806 1930 3219 3311 3313 5207 6642 8190 9921 11072 11517 12617 13786 13866 16027 18818 27564 27585
1469 128 259 274 301 324 387 424 477 606 656 961 972 1058 1087 1108 1196 1877 2083 2109 2121 2129 2131 2142 2144 2158 2159 2352 2865 2930 3358 4198 5303 5343 5551 5744 7251 8304 10013 10057 10060 14727 16410 17721 18048 25709 27227 27610 27647 27650 27697 27699
1470 498 669 970 1058 1763 1770 1947 2489 2707 3186 3334 3559 3870 3955 5463 5556 5668 5769 7693 8092 8480 10741 12701 12716 13392 15100 15731 19063 19874 27730
1471 108 246 493 524 526 527 531 610 652 653 700 706 1058 1469 1668 1901 2308 2444 2710 3139 3365 4255 4276 4391 4836 5455 5614 5750 6843 7126 7209 7272 7473 8050 8115 8130 8777 10201 10568 10581 11219 12831 13355 13973 14674 16929 20267 21244 22032 27225 27772 27803 27813 27820 27843 27844 27853 27855 27856
1472 1250
1473 13883
1474 411
1475 14073
1476 1522
1477 977
1478 27420
1479 5734 8084 27430 27442
1480 10773 27875 27876
1481 1058
1482 14731
1483 5439
1484 27880
1485 1058 4359 6006 7056 9867 11644 22995 23363 24210 27437 27750 27890 27891
1486 977 9332
1487 8090
1488 9102
1489 4026 4874 5018
1490 27904
1491 413
1492 606
1493 4312 27912 27915
1494 3344
1495 10881
1496 430
1497 451 4254 27928
1498 697
1499 2880
1500 853
1501 471 10020
1502 6261
1503 27942
1504 501 529 1658 3664 4858 6704 6713 10549 25346
1505 22661
1506 427
1507 547 10178
1508 1144 2815 4297 5950 6197 8417 10383 14434 14656 25756 26255 27959 27960
1509 4286 27763
1510 737 9332
1511 27573
1512 105 27980 27981
1513 5748
1514 1457 1522 1529 3377 5425 6614 27984
1515 1368
1516 3251 3260 8091
1517 737 952
1518 352 1141 3315 3794 5756 6030 9720 10780 28008
1519 27627
1520 524
1521 3280 28018 28019 28020 28021
1522 19000 19001
1523 13037
1524 19259 27758
1525 28028 28029 28030
1526 5947 7029 17144 17490 18004 28033 28035
1527 27757
1528 13052
1529 3339
1530 9406
1531 7053
1532 507
1533 3251
1534 28044
1535 20636 25931 28064 28065
1536 20162 20166 21081 21768 28091
1537 10462 28092
1538 22346
1539 13272
1540 19090
1541 28106 28107 28108
1542 323
1543 9492
1544 23690
1545 1210 4867 4968 4969 6001
1546 5451 28119
1547 28128 28129 28131
1548 22594
1549 3502 14456
1550 2251
1551 1058
1552 9484
1553 10799
1554 5641
1555 2587
1556 9485
1557 1618 4463 6635 7547 7975 9573 15997 18002 28143
1558 1300 2062 7917 8876 17594 28160
1559 1847
1560 7473
1561 23439
1562 1148 3380
1563 7062
1564 3485
1565 3402
1566 27089
1567 13361
1568 13777
1569 3404
1570 3417
1571 8094 17616
1572 3419
1573 7569
1574 3466
1575 98 2620 2756 2932 3071 3436 6659 7209 7252 7509 8870 10529 14150 14776 17237 17707 17807 21451 21720 22620 24411 27766 28196 28197 28198 28199 28200 28201 28202 28204 28206 28208
1576 3437
1577 2885 2901 9235 11818
1578 1862
1579 4430 20195
1580 3322
1581 9602
1582 13353
1583 530
1584 902 11378
1585 10999 11469 28233
1586 27639
1587 3224
1588 464
1589 515 27286
1590 27498
1591 9660 28242 28243
1592 271 301 523 564 570 577 578 593 622 655 1031 1088 1176 1557 2011 2082 2132 2170 2253 2390 2804 3436 3869 5664 5706 5751 6954 8216 11341 12825 14408 15245 17605 28269 28270 28272 28274
1593 14657
1594 1684
1595 28295
1596 7029 10024
1597 9715 13236 21091 27678 28299 28300 28302 28303
1598 8856
1599 8415
1600 28305
1601 9331 27633
1602 11790
1603 9976 11252
1604 3059
1605 27641
1606 27290
1607 7590
1608 4987
1609 10525
1610 882
1611 2371 5437 16433
1612 28342 28343 28344 28345
1613 1760 7271
1614 1339
1615 570 8354
1616 345
1617 3262 21271
1618 28354
1619 13356
1620 2598
1621 9294 19993
1622 75 344 7056 9377 14758 28362
1623 13350
1624 493
1625 5732
1626 122
1627 1128 28379
1628 27661
1629 562
1630 2153 4244 13348
1631 3996
1632 9004
1633 14331
1634 1027 2920
1635 1593
1636 543 7850
1637 2108 9542
1638 3222 8473 9532
1639 19882 28439
1640 2578
1641 1478 7269
1642 1757 1760
1643 3372
1644 28444
1645 8906
1646 11417
1647 619
1648 558
1649 1723
1650 1795 5698 28457
1651 1895
1652 3024
1653 7966
1654 609
1655 15203 28482
1656 1786
1657 17338
1658 1708
1659 3323
1660 2721
1661 9504 9513 9536
1662 1770
1663 3513
1664 3584
1665 13073
1666 28501
1667 170 1314 1331 1771 2966 3015 3035 8855 27150 28509 28511 28512
1668 28517
1669 9506
1670 3811 5584
1671 1903
1672 1412 7589 16998
1673 16255
1674 498 2368
1675 14130 27684
1676 4331
1677 4302
1678 28541
1679 13532
1680 17798
1681 4334
1682 10050
1683 678
1684 561 1862
1685 645 648 2056 12545
1686 2099
1687 4308
1688 4310 4330 4336
1689 4311
1690 98
1691 28558
1692 5606
1693 2103 5931
1694 8037
1695 14681
1696 3575
1697 413
1698 10779
1699 3599
1700 1539 7152
1701 15605 21741 27723
1702 28585
1703 9632 9633
1704 675
1705 9627
1706 1334 9647 14261 28600
1707 394 6618
1708 27908 28606 28607 28608
1709 9621
1710 1339
1711 27846
1712 5151
1713 9907
1714 711 15878 28022
1715 8541
1716 28631
1717 1357
1718 1139 1140 11223
1719 4846
1720 11209
1721 11220 11239 11248
1722 11240
1723 7586
1724 3201
1725 8015
1726 8530
1727 13744
1728 2306
1729 4368 17318
1730 870
1731 4165
1732 28574
1733 28659 28660 28661
1734 4377 28665
1735 28667
1736 1864
1737 16624 19215 19242 26365 28679
1738 1386
1739 5601
1740 1010 3308 3647 14364 18095 28688
1741 14380
1742 2381
1743 975
1744 2191
1745 7545 9708
1746 8987 9703
1747 2259
1748 718
1749 1823
1750 18552
1751 9718
1752 5939 17013
1753 2799
1754 1866 5668
1755 4035
1756 1897 14131
1757 2992
1758 1099
1759 28719
1760 9664
1761 394 28720
1762 26478
1763 3651 28724
1764 6866
1765 145 2951 5411 5760 5850 14059 27280 28734
1766 3683 28745
1767 5610 9192 9492
1768 186
1769 7437
1770 6344
1771 3629
1772 2295
1773 14399
1774 9771
1775 4452
1776 28759
1777 4006
1778 4440
1779 301 1625
1780 28761
1781 15 113 11371 12869 14135 28764 28765 28768
1782 1118 3068 3071 6356 9151 9789 28638 28772 28773 28774 28775
1783 3645
1784 1734
1785 2586 9812 13868
1786 877 2726
1787 9783
1788 28793
1789 14250
1790 2388 28799
1791 1353 1410 4350 11774
1792 733 5938
1793 5981
1794 98 783 8566 9358 28810
1795 5949
1796 2457
1797 11841
1798 1406
1799 18103
1800 1442 5288
1801 1088 1153
1802 2728 18300 21708 28821
1803 21258
1804 28831 28832
1805 16111
1806 28833
1807 8879
1808 7324 18832 21720
1809 16567
1810 16876
1811 734 18257
1812 24372
1813 1592
1814 6912 19996
1815 21382
1816 7145
1817 8706
1818 19432 28856
1819 7356 16829
1820 70 1386 2627 7862 16462 17455 21776 24558
1821 301 352 1101 1968 2314 3902 4356 7316 7804 8746 8940 9908 15200 15745 15843 16607 28891
1822 19443 25735
1823 18307 21801 28898 28899 28900
1824 2876 9604 27405 28903
1825 1052 1758 12466 13517 20523 28904
1826 12372
1827 12355
1828 3629
1829 1064
1830 13079 15630 28921
1831 11111
1832 12569 20454
1833 301 1221 1374 1519 2019 2624 2748 5599 5735 5753 7785 13748 19059 19419
1834 21965 21967
1835 28958
1836 4596 4610 4620 6430 6445 10120 28959
1837 28964
1838 19060
1839 5384 7341
1840 1118 28823 28968
1841 4339 18658 28977
1842 7365
1843 2969
1844 394
1845 65 70 110 276 285 301 303 459 525 613 813 847 917 923 937 971 1012 1027 1116 1455 1626 1868 2410 2612 3001 3144 3258 3381 3495 3628 3668 3756 4022 4155 5408 5617 5851 6308 6361 6555 6802 6951 7054 7380 7552 7905 8204 8538 8658 9166 10630 10838 11267 11364 12134 13214 14483 14584 15353 15671 15942 16624 16625 16710 16769 16917 16946 17387 17675 18120 18188 19136 20091 20120 21188 21564 21784 21785 21848 22343 22408 24223 29008 29010 29043 29045 29046 29048 29064 29072 29085 29099 29100 29101 29104 29113
1846 6266
1847 3341 28880
1848 3846 6920
1849 20526
1850 28871
1851 19055
1852 1626 13264
1853 6917
1854 3070 28104
1855 394 6618 12533
1856 3060 29134 29136 29137
1857 9311
1858 42 117 737 747 828 970 1647 1767 2557 5865 6811 7099 8959 8967 10386 11717 13724 13765 14439 16631 16632 17162 17798 18081 18848 19085 20092 21026 22007 23088 25243 25279 26296 26965 29159 29169 29180
1859 6599 16630
1860 19336 23810 23995 29219
1861 22353 29224
1862 638 1682 3037 21145
1863 11010
1864 4307 5601 11395
1865 28485
1866 12493 12494 12495 12497 12501 12502 12504 12507
1867 29243
1868 4899 17579
1869 29249
1870 5624
1871 29252
1872 965
1873 868
1874 301 515 773 943 1087 1771 1911 1926 1977 2178 2331 2383 5242 6484 6599 7472 13362 16660 17677 19962 20722 21271 21956 22751 23047 24076 29301
1875 7029
1876 1578 8501 19969 29312
1877 22349
1878 19067 29263
1879 29316
1880 9164
1881 19076
1882 5228
1883 14762
1884 19259
1885 19079 21183
1886 29322
1887 1328 2190
1888 29016
1889 8257 10536
1890 2234
1891 2248 13761 29353 29357
1892 1225 8551 10271 10456 10812 12726
1893 394
1894 15232 27903
1895 4271 14174
1896 22024
1897 11761
1898 9602
1899 394 21231
1900 15111
1901 954 10456 10514
1902 389 21185
1903 8977 29384 29385
1904 2592
1905 749
1906 1148
1907 11516
1908 13626
1909 8976 12472
1910 21186
1911 21211
1912 779
1913 7921
1914 475
1915 18735 19416
1916 9607
1917 7271
1918 6774 19789
1919 7054
1920 822
1921 352
1922 1249
1923 5639 8637 16876
1924 7303 8047
1925 12254
1926 98 15051
1927 782
1928 1027
1929 18029
1930 14787 29036
1931 2714
1932 6748 8337
1933 820 1398 21228 21229 29435
1934 791
1935 29441
1936 10486
1937 47
1938 7356
1939 4181 6999
1940 9423
1941 775 4312 28555 29444 29445
1942 29027
1943 29033 29447
1944 815
1945 11908 23757 29451
1946 739 21962
1947 2418
1948 20217
1949 1027
1950 301 550 727 744 1011 1115 1302 1329 1365 1578 1640 2158 2235 2270 2347 2363 2881 3715 3850 5458 5898 6402 6472 6959 7296 8249 9291 10986 14050 14540 15333 15547 16524 16903 17323 17671 20655 21287 22085 23527 26502 29494 29495 29496
1951 13815
1952 1027
1953 134
1954 11046
1955 1016
1956 1626
1957 15768
1958 27295 29531
1959 19259
1960 5698
1961 660 16819
1962 16856 16870
1963 21234
1964 29533
1965 2707 29021 29534
1966 771
1967 16889
1968 1501
1969 848
1970 5231 17197
1971 83 134 236 276 301 339 352 382 466 524 734 797 798 806 819 833 839 849 882 892 894 912 919 922 955 957 958 979 985 995 1027 1041 1053 1289 1290 1458 1540 1626 1799 2007 2280 2314 2410 2540 2603 2629 2658 2856 3045 3816 4425 5462 5507 6077 6115 6330 6400 6586 6795 6955 6965 6999 7349 7382 7383 7659 8126 8528 8783 8990 8996 9004 9009 9919 10551 10799 10814 10834 11495 12049 12224 12367 12465 13025 13073 13353 13411 13658 13709 13772 14390 14865 15043 16522 16952 16958 18293 19108 19127 19792 19807 21835 22342 22888 23404 24303 24585 25512 26272 28274 29539 29540 29541 29545 29548 29572 29575 29594 29616 29620 29622 29628 29629 29635 29636
1972 54 896 942 1101 1458 2418 2723 6992 11175 15422 16948 29679 29687
1973 16895 16899 16904
1974 11940 27509
1975 816 817 8991 10634
1976 29690
1977 16913
1978 1027
1979 4191
1980 17652
1981 8000
1982 4127 29696
1983 29698
1984 1626
1985 20643
1986 5215
1987 9314 16886
1988 832 1215 3057 4968 4969 6001 6144 8558 8653 19418
1989 394 20422
1990 1626
1991 29486
1992 11826
1993 1011 1014 2508 14500 20309 22504 29702
1994 7381
1995 2016
1996 143 1099 1115
1997 19512 21265
1998 15164
1999 7377 11293 19824
2000 1215 4969 6001
2001 29715
2002 21282 21287
2003 14967
2004 19347 23995
2005 7701
2006 29657
2007 4362 21261
2008 11032
2009 4079 7646
2010 1626
2011 6670
2012 891 1027 1156 1626 2713 4446 6999 9009 13915 17169 21546 29745 29756
2013 29759
2014 3340
2015 1027
2016 890 891 903 931 1027 2280 2316 6617 8888 8968 9009 10742 13822 15684 19125 29764 29777
2017 6966 29460
2018 5835 29124
2019 29572
2020 914
2021 3051 6059
2022 7104 15345
2023 16613
2024 6651
2025 1027 1626 2436 2546 2657 2944 3824
2026 11925
2027 29820
2028 18083 29825
2029 7054 11006 17877 29826
2030 899
2031 991
2032 394 7286 12259 12581
2033 2515
2034 5974 10570
2035 3846
2036 3321
2037 3791
2038 1556
2039 1947 3288 12701
2040 15335
2041 29845
2042 18272
2043 459 1027
2044 1386 2695 12038 12831 18049 29052 29849
2045 2697
2046 737 1767 25094
2047 12264
2048 22488
2049 12466
2050 12329 29462
2051 933
2052 1027
2053 29859
2054 1021 18279 20652
2055 9746
2056 920 12259
2057 2566 24782
2058 23641
2059 7371
2060 601
2061 338 928 997 1168 1568 2542 4322 5001 5295 5396 6581 7178 7291 8061 9021 12209 12662 12742 13345 15644 16681 17480 17797 21314 22373 29863
2062 19397
2063 5646
2064 4502
2065 1027
2066 5645 29936 29937
2067 29942
2068 17566 29945
2069 7473 9152
2070 28901
2071 316
2072 737
2073 1027
2074 301 459 805 988 2992 3810 5389 10831 10841 11012 15398 29949
2075 2711 10989 29658
2076 18633
2077 5314 5657 5847 17019 17491 23066
2078 1852
2079 1027
2080 483 11006 22814
2081 6758
2082 9575
2083 9219
2084 70 18075
2085 70
2086 14598 20465
2087 4007
2088 23508
2089 22317 29894
2090 972
2091 11872 29981
2092 29984 29985
2093 13915
2094 3381 7148 7196 12478 15079 20284 23307 29992 29994 29997 29998 30000 30002
2095 3462 4652 7150 9304 10737 14409 15310 16027 23248 28013 30004 30005 30006 30008
2096 15934
2097 1118 4361
2098 17726 30015
2099 1626
2100 4967 11949 12339 13561 18573
2101 5105 30020
2102 22521
2103 16658
2104 1017 8498
2105 7597
2106 1626
2107 394
2108 827 18213 27153
2109 4127 11167 15902 16177 23646 24757 30033
2110 13886
2111 1010 11134 30036
2112 3178 9533
2113 17130
2114 18212
2115 1027
2116 29663
2117 524
2118 1339
2119 24275 30040
2120 1027 1626 30042
2121 6902
2122 22510
2123 13811 16386
2124 7622
2125 14864 24507
2126 15997 30060 30063
2127 7104 12782
2128 18807
2129 1027
2130 8244 9055 19599 21252
2131 14902 23529
2132 17330
2133 16958 30073
2134 5384 23445
2135 627
2136 21314
2137 5001
2138 1756 6616 12921
2139 8654 16630 24258 25387 25405 30081
2140 30082
2141 1014
2142 27932 30083
2143 8461
2144 13601
2145 7461
2146 1386 1463 7587 7588 7589 9131 9517 17487 25171
2147 16200
2148 13015
2149 17142
2150 14151 18235
2151 9386
2152 22526
2153 12019 12531 12538
2154 2513 13712
2155 8476
2156 15322
2157 11080 23912 26948 30090
2158 90 5732 13155
2159 7152
2160 10825
2161 7453 17515 23829
2162 4501
2163 638
2164 13915
2165 15473
2166 7690 15039
2167 2505 2513
2168 8047 29059
2169 644
2170 13338
2171 6984
2172 143
2173 691 20172
